format long;

A = [
  40       1    3.282312000000000       3.233728057916416
  40     1.5    2.188208000000000       2.139296736153423
  40       2    1.641156000000000       1.591908008081539
  40     2.5    1.312924800000000       1.263330148130609
  40       3    1.094104000000000       1.044152185411882
  40     3.5    0.937803428571429       0.887483326882442
  40       4    0.820578000000000       0.769877808242734
  40     4.5    0.729402666666667       0.678309839071618
  40       5    0.656462400000000       0.604963575331929
  40     5.5    0.596784000000000       0.544864918997413
  40       6    0.547052000000000       0.494697411155679
  40     6.5    0.504971076923077       0.452164628449645
  40       7    0.468901714285714       0.415625829608745
  40     7.5    0.437641600000000       0.383877333476975
  40       8    0.410289000000000       0.356015868727699
  40     8.5    0.386154352941177       0.331350139418493
  40       9    0.364701333333333       0.309341852293517
  40     9.5    0.345506526315789       0.289565347090999
  40      10    0.328231200000000       0.271679313124701
  40    10.5    0.312601142857143       0.255406555945660
  40      11    0.298392000000000       0.240519242774246
  40    11.5    0.285418434782609       0.226827945740217
  40      12    0.273526000000000       0.214173356418741
  40    12.5    0.262584960000000       0.202419896826498
  40      13    0.252485538461538       0.191450676828925
  40    13.5    0.243134222222222       0.181163389071936
  40      14    0.234450857142857       0.171466813037668
  40    14.5    0.226366344827586       0.162277627047119
  40      15    0.218820800000000       0.153517190706968
  40    15.5    0.211762064516129       0.145107818333488
  40      16    0.205144500000000       0.136967696632823
  40    16.5    0.198928000000000       0.129002659424705
  40      17    0.193077176470588       0.121090374595735
  40    17.5    0.187560685714286       0.113043551075504
  40      18    0.182350666666667       0.104498670440997
  40    18.5    0.177422270270270       0.094359467419560
  40      19    0.172753263157895       0.029533863181801
  40    19.5    0.168323692307692       0.029427790470463
  40      20    0.164115600000000       0.029325742760613
  40    20.5    0.160112780487805       0.029227416536891
  40      21    0.156300571428571       0.029132542391044
  40    21.5    0.152665674418605       0.029040879998750
  40      22    0.149196000000000       0.028952214000050
  40    22.5    0.145880533333333       0.028866350593379
  40      23    0.142709217391304       0.028783114698516
  40    23.5    0.139672851063830       0.028702347577113
  40      24    0.136763000000000       0.028623904824222
  40    24.5    0.133971918367347       0.028547654662928
  40      25    0.131292480000000       0.028473476488300
  40    25.5    0.128718117647059       0.028401259617822
  40      26    0.126242769230769       0.028330902213814
  40    26.5    0.123860830188679       0.028262310349970
  40      27    0.121567111111111       0.028195397199287
  40    27.5    0.119356800000000       0.028130082324766
  40      28    0.117225428571429       0.028066291057538
  40    28.5    0.115168842105263       0.028003953949679
  40      29    0.113183172413793       0.027943006291126
  40    29.5    0.111264813559322       0.027883387681812
  40      30    0.109410400000000       0.027825041651552
  45       1    3.692601000000000       3.651495456840017
  45     1.5    2.461734000000000       2.420434331579402
  45       2    1.846300500000000       1.804802845694542
  45     2.5    1.477040400000000       1.435340751660502
  45       3    1.230867000000000       1.188961193353603
  45     3.5    1.055028857142857       1.012912562508925
  45       4    0.923150250000000       0.880818962250522
  45     4.5    0.820578000000000       0.778027027685523
  45       5    0.738520200000000       0.695744653551916
  45     5.5    0.671382000000000       0.628376778908276
  45       6    0.615433500000000       0.572193278851799
  45     6.5    0.568092461538461       0.524611674787290
  45       7    0.527514428571428       0.483787253887998
  45     7.5    0.492346800000000       0.448367140034395
  45       8    0.461575125000000       0.417336587359382
  45     8.5    0.434423647058824       0.389919522275021
  45       9    0.410289000000000       0.365512237225908
  45     9.5    0.388694842105263       0.343638022236902
  45      10    0.369260100000000       0.323915405870770
  45    10.5    0.351676285714286       0.306035468947601
  45      11    0.335691000000000       0.289745344033640
  45    11.5    0.321095739130435       0.274836017837588
  45      12    0.307716750000000       0.261133181224190
  45    12.5    0.295408080000000       0.248490273188747
  45      13    0.284046230769231       0.236783127727845
  45    13.5    0.273526000000000       0.225905807583544
  45      14    0.263757214285714       0.215767327592350
  45    14.5    0.254662137931034       0.206289052238096
  45      15    0.246173400000000       0.197402609274157
  45    15.5    0.238232322580645       0.189048201866476
  45      16    0.230787562500000       0.181173230807172
  45    16.5    0.223794000000000       0.173731159411601
  45      17    0.217211823529412       0.166680569062572
  45    17.5    0.211005771428571       0.159984364577091
  45      18    0.205144500000000       0.153609096706264
  45    18.5    0.199600054054054       0.147524374837733
  45      19    0.194347421052632       0.141702346774669
  45    19.5    0.189364153846154       0.136117224495331
  45      20    0.184630050000000       0.130744834973415
  45    20.5    0.180126878048780       0.125562173037024
  45      21    0.175838142857143       0.120546927883898
  45    21.5    0.171748883720930       0.115676944265095
  45      22    0.167845500000000       0.110929559513476
  45    22.5    0.164115600000000       0.106280720298379
  45      23    0.160547869565217       0.101703710342803
  45    23.5    0.157131957446808       0.097167170680740
  45      24    0.153858375000000       0.092631761529607
  45    24.5    0.150718408163265       0.088043999275188
  45      25    0.147704040000000       0.083323518680020
  45    25.5    0.144807882352941       0.078332307982307
  45      26    0.142023115384615       0.072779738605841
  45    26.5    0.139343433962264       0.065740786274930
  45      27    0.136763000000000       0.043404735259216
  45    27.5    0.134276400000000       0.040744645462725
  45      28    0.131878607142857       0.039356256753828
  45    28.5    0.129564947368421       0.038385197961417
  45      29    0.127331068965517       0.037631433133038
  45    29.5    0.125172915254237       0.037012890521948
  45      30    0.123086700000000       0.036487267205188
  50       1    4.102890000000000       4.067714033347196
  50     1.5    2.735260000000000       2.699966987281690
  50       2    2.051445000000000       2.016033350812781
  50     2.5    1.641156000000000       1.605624083549851
  50       3    1.367630000000000       1.331976143580779
  50     3.5    1.172254285714286       1.136476773110172
  50       4    1.025722500000000       0.989819569807158
  50     4.5    0.911753333333333       0.875723177195741
  50       5    0.820578000000000       0.784418760754005
  50     5.5    0.745980000000000       0.709689769721744
  50       6    0.683815000000000       0.647391817949442
  50     6.5    0.631213846153846       0.594655696608602
  50       7    0.586127142857143       0.549431952828865
  50     7.5    0.547052000000000       0.510217636825447
  50       8    0.512861250000000       0.475885518798323
  50     8.5    0.482692941176471       0.445573582163600
  50       9    0.455876666666667       0.418611352316930
  50     9.5    0.431883157894737       0.394469489939078
  50      10    0.410289000000000       0.372724506249292
